UL16APV_TT01j2l_mtt0to700: 1853355115.8905315
UL16APV_TT01j2l_mtt700to900: 167125184.33555102
UL16APV_TT01j2l_mtt900toInf: 78958443.77066335
UL16_TT01j2l_mtt0to700: 1037708193.5816938
UL16_TT01j2l_mtt700to900: 199753447.9785803
UL16_TT01j2l_mtt900toInf: 84385538.86617668
UL17_TT01j2l_mtt0to700: 1883614055.188861
UL17_TT01j2l_mtt700to900: 366573651.80872715
UL17_TT01j2l_mtt900toInf: 170876055.2237671
UL18_TT01j2l_mtt0to700: 3019678925.9241395
UL18_TT01j2l_mtt700to900: 622362908.8306084
UL18_TT01j2l_mtt900toInf: 268523058.62900794
